733
122
56
989
14
43
16
135
17
33
477
210
42
276
141
646
766
493
859
722
694
192
642
194
220
602
333
268
420
282
308
317
691
448
505
506
569
959
626
639
649
734
748
780
784
948
976
531
230
515
164
176
132
112
74
107
258
351
357
110
293
938
170
205
374
655
235
397
741
441
325
829
316
334
354
323
914
326
340
379
854
431
556
538
647
575
592
621
678
747
955
764
730
738
767
772
843
848
983
77
713
742
680
209
45
298
1
658
652
733
378
346
377
425
342
702
303
611
540
121
136
312
520
823
184
672
809
380
75
239
819
778
332
315
174
785
186
356
826
412
453
869
574
807
486
690
790
842
489
491
893
519
822
667
692
874
917
791
997
319
446
7
440
724
62
140
63
439
24
100
827
804
29
177
560
213
222
514
593
283
309
536
193
776
212
851
849
473
656
693
727
682
274
931
850
591
240
565
640
787
933
811
839
875
908
925
978
597
203
328
142
178
279
719
39
786
60
233
358
460
267
255
526
225
229
232
400
261
311
442
906
935
284
669
865
922
278
299
73
396
362
369
406
886
421
596
604
852
430
754
483
605
815
687
821
523 512
750 253
650
3
516
251
663
870
970
584
436
189
999 79
844
120
502
707
945 104
916 152
41
272
987
558 496
347
944
671
159
578 427
245
25
111
554
812
393
902 180
980 97
391
600 398
435
845
610
985 84
831
708
352
361
892 190
878
743
570
533
921
998
798 207
820
749 306
696 324
718
598 403
699 322
888
587 418
783 221
603 363
568 445
589 54
48
688
907
21
860
98
70
265
35
462
9
167
208
106
202
627
499
532
507
389
613
305
292
463
905
736
500
530
896
936
951
614
594
712
618 53
456
900
549
641
992
926
634 586
899
313
34
433
5
148
411
103
485
803
451
11
4
880
968 86
629
887
281
228
450
81
364
644
92
89
296
166
504
457
762 417
677
467
139
23
370
979 69
673 542
855
541
551
348
898 291
302
509
648
360
616
755
423
756
539
729
679
90
704
777
349
479
757
429
788 310
830
972
923
909 191
792
941 175
700 466
768
683 527
963
883 399
782 395
864
974 68
659 548
752 419
946 117
940 185
904 237
901 264
884 295
685 476
607 64
149
38
211
87
275
561
19
320
913
746
555
277
254
181
50
216
468
13
606
287
508
775
889
924
247
145
623
381
942
329
300
404
706
367
964
187
301
939
954
387
480
201
576
559
654
739
867
799
877
950
608 535
668 335
22
217
127
28
109
631 498
802
962
720 246
781 214
196
630 510
890
78
286
728
732
83
154
868 85
588
645
497
660 343
219
197
928 66
761
793 206
910 82
550
125
241
557
806 161
179
113
717 257
567
488
632 487
771
745
773 215
824 131
731 224
633 484
969
828 158
260
472
725
314
676 248
666 337
723
897 119
546
637 384
638
779
416
636 432
294
836
698 269
981 57
529 37
545 0
577 464
601 385
990 46
919 71
816 223
882 116
918 128
927 55
580 428
628 366
789 280
759 271
934 59
911 143
871 218
710 331
709 359
503 2
517 495
967 65
965 95
834 163
957 102
684 266
838 126
930 160
769 198
818 168
657 288
753 234
996 61
949 76
958 96
758 226
595 353
810 172
774 171
651 338
582 478
715 238
563 501
711 250
876 123
585 465
590 375
459 36
474 47
528 437
973 18
547 405
737 227
879 173
857 165
681 336
763 252
943 146
952 124
664 350
920 151
866 199
534 434
695 273
624 355
622 365
805 244
609 373
689 290
573 382
562 6
571 525
835 157
833 182
625 414
937 80
760 297
643 407
862 144
947 40
675 345
705 321
915 93
953 30
853 147
903 115
825 188
612 443
801 259
662 371
891 129
697 330
583 490
984 32
841 156
572 518
794 285
872 134
454 12
455 452
858 231
977 99
544 410
832 270
881 137
800 236
912 138
988 72
808 304
956 130
716 368
726 327
765 318
494 444
482 424
770 307
703 376
701 394
932 133
674 383
481 52
513 49
522 475
670 415
856 153
960 67
929 101
840 155
714 401
817 200
735 402
620 447
993 31
991 26
982 44
873 105
665 438
751 256
686 413
740 386
846 195
885 150
617 458
813 243
392 10
408 372
721 162
469 341
744 118
661 114
521 262
797 94
861 27
619 169
814 51
894 15
995 8
470 339
511 289
543 249
837 88
409 344
796 91
553 242
795 108
581 204
847 20
615 183
